10 10
2.69 1.92 2.06 3.42 5.47 3.17 6.46 3.46 9.89 3.78
1.45 6.78 5.29 5.40 4.22 9.19 6.37 2.10 5.83 1.20
0.13 9.29 2.33 2.98 6.18 5.74 1.54 8.21 9.29 1.73
6.55 7.03 8.21 7.16 0.65 8.26 0.00 5.69 6.94 8.42
2.69 4.90 7.37 7.83 1.97 7.96 2.54 4.76 9.52 9.11
3.62 4.47 1.68 4.11 1.95 3.52 7.12 6.60 0.42 9.29
1.19 3.37 2.91 0.69 3.07 4.38 4.58 9.02 8.82 8.68
6.44 7.31 9.88 3.14 2.11 2.11 1.76 9.55 3.27 4.53
2.39 4.52 3.04 6.08 2.73 7.97 3.49 0.58 5.06 8.80
3.94 5.59 5.82 10.00 2.00 5.45 0.62 1.78 7.82 3.34
10 10
5.76 2.59 8.57 2.47 0.54 6.35 2.41 9.76 3.16 5.10
8.16 5.27 4.86 1.05 4.76 5.87 9.89 8.28 3.65 7.51
2.01 5.40 3.73 6.89 7.21 5.34 1.00 1.45 4.10 1.20
5.88 6.05 2.37 4.57 3.14 1.15 6.70 0.92 3.65 9.17
8.20 4.60 4.79 2.65 7.92 4.71 6.31 0.60 7.34 1.77
1.50 6.72 8.80 4.39 9.35 6.69 4.95 4.66 1.95 9.78
9.74 0.45 2.66 3.75 5.56 3.38 5.22 1.24 9.93 1.09
0.35 9.85 2.73 3.62 7.01 7.86 9.93 4.41 7.52 2.55
2.39 7.95 1.50 8.25 9.22 7.64 1.99 6.70 3.39 9.52
7.88 3.38 3.72 9.65 1.07 9.49 1.28 5.63 3.20 0.92
